               0         2.71736         57.8221
               1         2.93151         52.2489
               2          2.8866         49.3366
               3         3.01423         38.3324
               4         2.87549          62.018
               5         3.00976         48.7781
               6         3.22681         35.3133
               7          3.3117         44.2372
               8         3.20768         51.3279
               9         3.28024         28.3677
              10         3.25687         43.7936
              11          3.1207         53.2941
              12         3.27844         71.2532
              13         3.30208         31.3014
              14         3.51136         46.4448
              15         3.44812         41.6007
              16         3.40194         47.3493
              17         3.27438         57.0459
              18         3.24719         58.8469
              19         3.51389         43.8354
              20         3.42714         34.4805
              21         3.42952         38.2956
              22         3.25593         69.6537
              23         3.43583          48.491
              24         3.58106         45.6707
              25         3.70582         36.7397
              26         3.56654         38.9884
              27          3.5041         36.5143
              28         3.24378         67.0715
              29          3.2136         73.2833
              30         3.32851         43.1158
              31         3.64369         41.2494
              32         3.66622         36.2864
              33         3.33219         66.1021
              34         3.44429         43.9282
              35         3.56877         51.9692
              36         3.47563         44.8357
              37         3.60254         45.5937
              38          3.6849         32.5646
              39         3.54519         54.2155
              40         3.55044         38.8532
              41         3.43085         47.9488
              42         3.36619         29.2236
              43         3.31271         67.6133
              44         3.29296         59.4898
              45          3.1261         62.7906
              46         3.31987           46.28
              47         3.13892         73.2742
              48         3.43458         21.5633
              49         3.06189         63.6785
              50         3.16418         67.2469
              51         3.08536         64.9967
              52          3.0135         68.2734
              53         2.93802         56.7791
              54         2.99704         56.1209
              55         2.96118         58.5313
              56         2.94394         60.7022
              57          2.9949         74.4698
              58         2.93504         66.7262
              59         2.82836         63.1935
              60         2.89659         65.0453
              61         2.84437         58.0564
              62          2.7151         49.3982
              63         2.72842         49.4103
